"Barley"
[79.2	79.1	79.9	81.6	83.2	85	86.3	89	89.2	90.2	92.5	94.2]
9.832586235
5.49
0.280
[3.60 4.56 5.76 5.75 4.50]
[120.8 125.0 125.0 125.0 125.0]
[17.10 22.80 20.90 26.60 23.75]
[60.75 65.70 80.55 88.25 56.20]
[27.04 39.33 48.63 47.05 41.51]
[53.75 70.05 69.50 35.70 38.50]
[13.45 14.55 14.60 15.80 18.00]
[9.35 11.02 8.55 9.12 10.60]
[21.42 32.68 27.55 36.10 38.80]
[24.26 25.32 41.32 48.69 36.08]
[28.08 30.67 36.02 46.56 52.32]
[0.00 0.00 0.00 0.00 0.00]
[58.67 71.90 81.21 94.82 100.48]
[16.50 21.00 24.00 25.00 20.00]
0.010855643
0.015597769
0.027977112
0.103151608
0.24132874
0.31780657
0.288630532
0.250259909
0.196798228
0.11511845
0.020946194
0.008206693
76
130
18.93402711
19.18522236
16.57040985
18.8446899
16.4846794
14.56291765
12.80901901
13.78955938
14.85913786
13.96297169
