"Alfalfa_Perennial"
[4.692	4.707	4.73	4.746666667	4.73375	4.76	4.786666667	4.886	4.9375	4.95	4.945	5.1]
0.210572962
163.008
736.1913
[90.00 100.00 140.00 160.00 130.00]
[6.00 6.00 6.00 6.00 6.00]
[0.00 0.00 0.00 0.00 0.00]
[62.83 103.09 106.60 103.39 70.22]
[17.90 17.85 25.65 25.65 15.68]
[182.25 200.75 209.70 241.90 218.00]
[13.45 14.55 14.60 15.80 18.00]
[14.30 15.08 11.70 12.48 14.84]
[32.76 44.72 37.70 49.40 54.32]
[8.58 7.38 10.38 10.28 7.27]
[24.55 26.16 27.94 33.11 38.22]
[0.00 0.00 0.00 0.00 0.00]
[0.00 0.00 0.00 0.00 0.00]
[78.59 105.65 124.94 116.62 128.84]
0.01870899
0.028115157
0.032496719
0.080628281
0.218018373
0.239232283
0.243100394
0.212153871
0.167124344
0.090925197
0.02226706
0.014069882
102
120
10.68701014
11.91076804
10.24563089
8.677455357
8.679538414
8.620510544
11.50905234
10.59030766
12.63393417
11.02192661
