"Corn"
[158	159.5	161.5	164.5	167.5	171.4	175.4	179.5	182	185.7	187.5	190.8]
20.20683339
5.08
2.13
[32.00 32.00 44.00 44.00 38.00]
[28 28 30 30 30]
[42.50 42.50 91.00 140.00 130.00]
[116.65 116.65 173.75 96.55 59.90]
[40.15 40.15 33.53 9.20 8.60]
[268.00 268.00 309.10 366.00 343.25]
[38.20 38.20 41.30 45.30 47.50]
[14.03 14.03 13.50 14.40 15.90]
[32.13 32.13 43.50 57.00 58.20]
[35.50 35.50 49.26 49.35 36.18]
[39.99 39.99 51.58 68.94 79.25]
[0.00 0.00 0.00 0.00 0.00]
[20.00 20.00 20.00 20.00 20.00]
[117.64 117.64 129.99 129.00 130.63]
0.018625328
0.028034777
0.031236877
0.030915354
0.043832021
0.085935039
0.2267979
0.270620079
0.185672572
0.06855643
0.020524934
0.013937008
140
170
1.679506676
1.081344702
1.428485634
1.244245257
1.173618845
1.125728371
1.764096493
1.835410361
1.708956591
3.25460797
