"Spring Wheat"
[99.93	99.77	100.34	100.5444444	100.3125	101.6285714	103.0666667	103.8	102.8	102.05	102.1333333	103.5]
4.656267647
5.956
1.54
[5.35 5.50 7.60 7.25 4.00]
[105 110 110 110 110]
[21.85 26.45 28.75 28.75 20.90]
[93.75 98.10 120.75 134.25 84.20]
[27.04 22.83 48.03 47.05 41.51]
[55.00 64.95 71.90 38.70 35.80]
[13.45 14.55 14.60 15.80 18.00]
[9.35 11.02 8.55 9.12 10.60]
[21.42 32.68 27.55 36.10 38.80]
[27.93 25.32 41.32 47.64 36.08]
[28.93 33.33 38.79 50.83 57.05]
[0.00 0.00 0.00 0.00 0.00]
[9.50 14.00 20.00 18.00 20.00]
[66.65 71.90 86.23 96.82 103.48]
0.012837927
0.020298556
0.031348425
0.058307087
0.145216535
0.279032152
0.313185696
0.125797244
0.027532808
0.019855643
0.013421916
0.009678478
93
130
13.76777687
15.10519146
16.82781815
19.64547294
20.32588045
20.12522784
22.18045484
18.73272659
17.86785484
19.71929429
