"Alfalfa"
[4.692	4.707	4.73	4.746666667	4.73375	4.76	4.786666667	4.886	4.9375	4.95	4.945	5.1]
0.210572962
163.008
736.1913
[90.00 100.00 140.00 160.00 130.00]
[6.00 6.00 6.00 6.00 6.00]
[0.00 0.00 0.00 0.00 0.00]
[62.83 103.09 106.60 103.39 70.22]
[17.90 17.85 25.65 25.65 15.68]
[182.25 200.75 209.70 241.90 218.00]
[13.45 14.55 14.60 15.80 18.00]
[14.30 15.08 11.70 12.48 14.84]
[32.76 44.72 37.70 49.40 54.32]
[8.58 7.38 10.38 10.28 7.27]
[24.55 26.16 27.94 33.11 38.22]
[0.00 0.00 0.00 0.00 0.00]
[0.00 0.00 0.00 0.00 0.00]
[78.59 105.65 124.94 116.62 128.84]
0.016863517
0.029268373
0.031746297
0.10831109
0.244033793
0.233579127
0.251152254
0.206706259
0.187163714
0.10408804
0.032247375
0.017137467
267
335
27.09356101
27.28624851
24.35076613
20.94967544
19.11320325
16.79900094
22.62945226
20.30497478
26.2017102
25.33261505
