"Sugarbeets"
[27.4	28.2	28.61	29.61	29.78	30.63	31.73	32.43	33.29	34.41	35.38	35.86]
5.169548872
48.34398
99.9822
[33 34 34 34 41]
[38 45 50 40 39.5]
[47.00 101.88 126.34 143.16 147.12]
[149.50 162.80 187.60 196.60 128.40]
[70.08 52.24 34.96 35.52 37.48]
[29.00 24.75 25.20 23.25 23.75]
[23.00 25.00 30.00 35.00 38.00]
[16.78 19.14 14.85 15.84 18.55]
[38.43 56.76 47.85 62.70 67.90]
[138.97 110.25 159.90 150.20 113.90]
[109.42 119.57 112.08 140.33 158.47]
[0.00 0.00 0.00 0.00 0.00]
[116.90 126.80 135.30 148.70 168.00]
[303.85 350.70 349.64 309.94 316.55]
0.013018818
0.018584012
0.02120821
0.02724681
0.047411901
0.115487789
0.279114173
0.265605485
0.111489501
0.01970576
0.013044619
0.011095801
133
180
0.001264191
0.010291639
0.007715851
0.002587054
0
0.002654033
0.001328586
0.006280066
0.0039383
0.060759494
