"Alfalfa"
[4.692	4.707	4.73	4.746666667	4.73375	4.76	4.786666667	4.886	4.9375	4.95	4.945	5.1]
0.210572962
163.008
736.1913
[90.00 100.00 140.00 160.00 130.00]
[6.00 6.00 6.00 6.00 6.00]
[0.00 0.00 0.00 0.00 0.00]
[62.83 103.09 106.60 103.39 70.22]
[17.90 17.85 25.65 25.65 15.68]
[182.25 200.75 209.70 241.90 218.00]
[13.45 14.55 14.60 15.80 18.00]
[14.30 15.08 11.70 12.48 14.84]
[32.76 44.72 37.70 49.40 54.32]
[8.58 7.38 10.38 10.28 7.27]
[24.55 26.16 27.94 33.11 38.22]
[0.00 0.00 0.00 0.00 0.00]
[0.00 0.00 0.00 0.00 0.00]
[78.59 105.65 124.94 116.62 128.84]
0.017016623
0.02800954
0.031808708
0.084687311
0.229028403
0.234102508
0.245531867
0.203244516
0.171014708
0.09522091
0.02422465
0.012928985
99
120
32.41700343
49.28537429
31.89091328
27.41914743
26.26414066
23.03168562
29.4778253
27.49446177
32.65068627
30.13341607
