"Spring Wheat"
[99.93	99.77	100.34	100.5444444	100.3125	101.6285714	103.0666667	103.8	102.8	102.05	102.1333333	103.5]
4.656267647
5.956
1.54
[5.35 5.50 7.60 7.25 4.00]
[105 110 110 110 110]
[21.85 26.45 28.75 28.75 20.90]
[93.75 98.10 120.75 134.25 84.20]
[27.04 22.83 48.03 47.05 41.51]
[55.00 64.95 71.90 38.70 35.80]
[13.45 14.55 14.60 15.80 18.00]
[9.35 11.02 8.55 9.12 10.60]
[21.42 32.68 27.55 36.10 38.80]
[27.93 25.32 41.32 47.64 36.08]
[28.93 33.33 38.79 50.83 57.05]
[0.00 0.00 0.00 0.00 0.00]
[9.50 14.00 20.00 18.00 20.00]
[66.65 71.90 86.23 96.82 103.48]
0.01167979
0.020184737
0.031750811
0.058714416
0.150991282
0.288356664
0.305623236
0.098537683
0.022708364
0.019932925
0.012919814
0.008757985
94
130
9.481814927
13.66858348
9.99508147
15.64328425
16.68597519
24.98509721
24.01934997
19.09783444
15.83538164
16.1166615
