"Spring Wheat"
[99.93	99.77	100.34	100.5444444	100.3125	101.6285714	103.0666667	103.8	102.8	102.05	102.1333333	103.5]
4.656267647
5.956
1.54
[5.35 5.50 7.60 7.25 4.00]
[105 110 110 110 110]
[21.85 26.45 28.75 28.75 20.90]
[93.75 98.10 120.75 134.25 84.20]
[27.04 22.83 48.03 47.05 41.51]
[55.00 64.95 71.90 38.70 35.80]
[13.45 14.55 14.60 15.80 18.00]
[9.35 11.02 8.55 9.12 10.60]
[21.42 32.68 27.55 36.10 38.80]
[27.93 25.32 41.32 47.64 36.08]
[28.93 33.33 38.79 50.83 57.05]
[0.00 0.00 0.00 0.00 0.00]
[9.50 14.00 20.00 18.00 20.00]
[66.65 71.90 86.23 96.82 103.48]
0.016345144
0.022230971
0.031549446
0.06551448
0.167240814
0.300067768
0.30194814
0.07784599
0.018618766
0.018771091
0.016318898
0.011820866
73
130
5.874804437
4.97812057
8.726253041
8.370027614
9.980278032
12.91180424
13.15375378
11.08374886
18.06817631
10.29395191
