"Alfalfa"
[3.7536	3.7656	3.784	3.797333334	3.787	3.808	3.829333334	3.9088	3.95	3.96	3.956	4.08]
0.210572962
163.008
736.1913
[90.00 100.00 140.00 160.00 130.00]
[3.50 3.50 3.50 3.50 3.50]
[55.80 63.00 64.80 72.90 76.50]
[43.95 56.93 67.72 65.65 45.54]
[0.00 0.00 0.00 0.00 0.00]
[109.75 121.65 125.88 145.25 131.50]
[13.45 14.55 14.60 15.80 18.00]
[14.30 15.08 11.70 12.00 13.25]
[32.76 44.72 37.70 47.50 48.50]
[15.88 13.47 22.04 27.70 20.52]
[29.09 30.38 33.25 40.30 44.60]
[0.00 0.00 0.00 0.00 0.00]
[0.00 0.00 0.00 0.00 0.00]
[47.11 52.60 74.38 76.04 72.52]
0.017016623
0.02800954
0.031808708
0.084687311
0.229028403
0.234102508
0.245531867
0.203244516
0.171014708
0.09522091
0.02422465
0.012928985
99
120
32.41700343
49.28537429
31.89091328
27.41914743
26.26414066
23.03168562
29.4778253
27.49446177
32.65068627
30.13341607
