"Barley"
[79.2	79.1	79.9	81.6	83.2	85	86.3	89	89.2	90.2	92.5	94.2]
9.832586235
5.49
0.280
[3.60 4.56 5.76 5.75 4.50]
[120.8 125.0 125.0 125.0 125.0]
[17.10 22.80 20.90 26.60 23.75]
[60.75 65.70 80.55 88.25 56.20]
[27.04 39.33 48.63 47.05 41.51]
[53.75 70.05 69.50 35.70 38.50]
[13.45 14.55 14.60 15.80 18.00]
[9.35 11.02 8.55 9.12 10.60]
[21.42 32.68 27.55 36.10 38.80]
[24.26 25.32 41.32 48.69 36.08]
[28.08 30.67 36.02 46.56 52.32]
[0.00 0.00 0.00 0.00 0.00]
[58.67 71.90 81.21 94.82 100.48]
[16.50 21.00 24.00 25.00 20.00]
0.007642899
0.013966535
0.024812413
0.083999091
0.226279528
0.308418635
0.288604962
0.2405786
0.183099094
0.089164479
0.012753495
0.005997623
98
130
9.40815387
17.02623082
7.175821761
6.291390728
7.272500114
4.909895451
4.418929119
8.159274832
6.756139473
7.003412969
