"Potatoes"
[357.2	359.2	363.7	371.3	372.8	378.7	384.1	391.2	395.3	399.2	403.6	409.8]
32.01368509
9.242
0.366
[5.50 6.75 7.75 7.25 7.50]
[345 350 365 375 380]
[235.20 340.20 317.10 285.60 309.75]
[306.90 420.90 464.50 449.75 309.55]
[105.10 162.98 183.75 230.47 229.40]
[53.15 52.50 59.00 56.80 68.25]
[23.00 25.00 30.00 35.00 38.00]
[12.65 13.34 10.35 11.52 12.72]
[28.98 39.56 33.35 45.60 46.56]
[144.48 122.28 172.18 158.04 123.90]
[134.09 138.73 133.77 154.86 165.08]
[233.55 287.65 315.36 322.5 326.80]
[85.20 103.12 116.99 144.08 144.98]
[453.88 535.15 558.07 554.73 573.35]
0.018507218
0.027933071
0.031702756
0.038841864
0.07125
0.17691601
0.265124672
0.206397638
0.05871063
0.021981627
0.017230971
0.013690945
110
165
16.02967964
16.65825808
17.40007035
16.36178153
18.83592734
17.16358004
18.04844359
19.76837182
16.63050082
22.39783552
