29.43333333
22.96666667
55.8
15.5
44.43333333
22.96666667
55.8
30.26666667
65.9
37.8
75.03333333
44.36666667
84.46666667
49.83333333
83.1
48.03333333
72.83333333
39.76666667
59.9
30.6
42.56666667
21.86666667
31.36666667
13
9.355129032
8.844827586
8.590430108
9.802677778
9.913322581
8.847777778
6.691795699
6.69788172
8.9585
9.725290323
9.417733333
9.560096774
13.32022581
11.88878161
8.277698925
6.663311111
6.279247312
6.041488889
5.523946237
5.766
6.684144444
7.124817204
9.515044444
12.52678495
Bonneville-Jefferson