"Alfalfa"
[5.6304	5.6484	5.676	5.696	5.6805	5.712	5.744	5.8632	5.925	5.94	5.934	6.12]
0.210572962
163.008
736.1913
[90.00 100.00 140.00 160.00 130.00]
[6.00 6.00 6.00 6.00 6.00]
[0.00 0.00 0.00 0.00 0.00]
[62.83 103.09 106.60 103.39 70.22]
[17.90 17.85 25.65 25.65 15.68]
[182.25 200.75 209.70 241.90 218.00]
[13.45 14.55 14.60 15.80 18.00]
[14.30 15.08 11.70 12.48 14.84]
[32.76 44.72 37.70 49.40 54.32]
[8.58 7.38 10.38 10.28 7.27]
[24.55 26.16 27.94 33.11 38.22]
[0.00 0.00 0.00 0.00 0.00]
[0.00 0.00 0.00 0.00 0.00]
[78.59 105.65 124.94 116.62 128.84]
20-43 are district specific
