"Winter Wheat"
[99.93	99.77	100.34	100.5444444	100.3125	101.6285714	103.0666667	103.8	102.8	102.05	102.1333333	103.5]
4.656267647
5.48
1.92
[4.40 4.50 6.00 6.25 3.70]
[120 125 125 125 125]
[18.00  16.00 22.00 23.00 18.00]
[87.10 93.00 120.00 130.50 82.10]
[21.76 17.62 43.46 29.86 23.12]
[63.00 67.00 73.50 38.50 37.00]
[13.45 14.55 14.60 15.80 18.00]
[8.80 10.44 8.10 8.64 10.07]
[20.16 30.96 26.10 34.20 36.86]
[33.48 23.56 37.36 41.24 30.14]
[31.70 29.661 34.26 34.26 49.81]
[0.00 0.00 0.00 0.00 0.00]
[9.50 13.00 17.50 17.50 20.00]
[74.09 71.85 79.82 87.53 94.61]
0.025295276
0.017814961
0.016125328
0.034009186
0.057276792
0.119681703
0.24035105
0.314867045
0.205291203
0.031849726
0.018654856
0.025651643
1
335
2.6339381
2.437815174
1.676138407
2.547873828
1.565560702
2.039746535
2.439389404
2.238006088
3.468300402
1.838157272
