"Alfalfa"
[3.7536	3.7656	3.784	3.797333334	3.787	3.808	3.829333334	3.9088	3.95	3.96	3.956	4.08]
0.210572962
163.008
736.1913
[90.00 100.00 140.00 160.00 130.00]
[3.50 3.50 3.50 3.50 3.50]
[55.80 63.00 64.80 72.90 76.50]
[43.95 56.93 67.72 65.65 45.54]
[0.00 0.00 0.00 0.00 0.00]
[109.75 121.65 125.88 145.25 131.50]
[13.45 14.55 14.60 15.80 18.00]
[14.30 15.08 11.70 12.00 13.25]
[32.76 44.72 37.70 47.50 48.50]
[15.88 13.47 22.04 27.70 20.52]
[29.09 30.38 33.25 40.30 44.60]
[0.00 0.00 0.00 0.00 0.00]
[0.00 0.00 0.00 0.00 0.00]
[47.11 52.60 74.38 76.04 72.52]
0.019336144
0.029267158
0.034964035
0.095815042
0.232303209
0.235620762
0.253118804
0.212236621
0.174221236
0.100100529
0.028318867
0.015298297
97
120
70.37811986
70.61944365
68.46433655
61.83684119
63.3219603
62.31420809
66.22318762
63.43172648
63.34411646
66.5894249
