"Potatoes"
[357.2	359.2	363.7	371.3	372.8	378.7	384.1	391.2	395.3	399.2	403.6	409.8]
32.01368509
9.242
0.366
[5.50 6.75 7.75 7.25 7.50]
[345 350 365 375 380]
[235.20 340.20 317.10 285.60 309.75]
[306.90 420.90 464.50 449.75 309.55]
[105.10 162.98 183.75 230.47 229.40]
[53.15 52.50 59.00 56.80 68.25]
[23.00 25.00 30.00 35.00 38.00]
[12.65 13.34 10.35 11.52 12.72]
[28.98 39.56 33.35 45.60 46.56]
[144.48 122.28 172.18 158.04 123.90]
[134.09 138.73 133.77 154.86 165.08]
[233.55 287.65 315.36 322.5 326.80]
[85.20 103.12 116.99 144.08 144.98]
[453.88 535.15 558.07 554.73 573.35]
0.019114227
0.028998752
0.03302108
0.041136198
0.075629068
0.199801349
0.270530958
0.176660627
0.041663729
0.021186457
0.018338043
0.014832423
106
165
0.956508743
0.014338973
0.015815278
0.434858236
0.341191067
0.0319642
0.461580234
0.084943725
1.112009705
1.959132083
